7073 7075
7074 7075
7076 7075
7078 7077
7081 7080
7082 7080
7084 7083
7087 7086
7089 7088
7092 7090
7094 7093
7096 7095
7099 7098
7100 7101
7104 7103
7106 7105
7107 7105
7110 7108
7121 7120
7123 7122
7125 7127
7126 7127
7128 7127
7129 7127
7131 7130
7132 7130
7133 7130
7134 7130
7135 7130
7136 7130
7137 7130
7138 7130
7139 7130
7140 7130
7141 7130
7142 7130
7143 7130
7144 7130
7241 7240
7245 7244
7252 7251
7254 7253
7256 7255
7257 7255
7259 7258
7263 7262
7264 7262
7266 7265
7268 7267
7271 7270
7273 7272
7275 7274
7277 7276
7279 7278
7281 7280
7283 7282
7285 7284
7287 7286
7308 7307
7310 7309
7312 7311
7314 7313
7316 7315
7318 7317
7320 7319
7322 7321
7323 7321
7325 7324
7327 7326
7329 7328
7331 7330
7333 7332
7334 7335
7336 7337
7338 7343
7339 7343
7340 7343
7341 7343
7342 7343
7344 7347
7345 7347
7346 7347
7348 7347
7349 7350
7351 7352
7353 7367
7354 7367
7355 7367
7356 7367
7357 7367
7358 7367
7359 7367
7360 7367
7361 7367
7362 7367
7363 7367
7364 7367
7365 7367
7366 7367
7368 7370
7369 7370
7371 7372
7373 7378
7374 7378
7375 7378
7376 7378
7377 7378
7379 7380
7381 7380
7382 7380
7383 7380
7384 7380
7385 7386
7387 7391
7388 7391
7389 7391
7392 7393
7394 7396
7395 7396
7397 7396
7398 7396
7399 7396
7400 7401
7402 7403